0 0.796510 0.828711 0.038820 0.192105
1 0.539580 0.822487 0.264040 0.105605
1 0.749760 0.770237 0.039400 0.048421
1 0.621520 0.755750 0.026280 0.027658
2 0.544230 0.540645 0.016780 0.053237
1 0.641580 0.751974 0.010440 0.020158
1 0.654210 0.747645 0.014500 0.017289
1 0.634470 0.752053 0.010500 0.021421
1 0.667590 0.746145 0.017740 0.016816
1 0.675680 0.742368 0.012520 0.016316
1 0.700880 0.739355 0.017840 0.019605
2 0.927110 0.238803 0.039620 0.043974
2 0.110800 0.588053 0.030720 0.107053
2 0.843180 0.686645 0.018400 0.055816
