1 0.840164 0.434823 0.291578 0.119104
1 0.054062 0.384854 0.106937 0.106708
1 0.204227 0.371219 0.073391 0.032813
1 0.248000 0.363771 0.047813 0.027250
1 0.114258 0.370302 0.035828 0.027187
1 0.541156 0.352865 0.066062 0.027021
1 0.416906 0.358427 0.018969 0.016854
1 0.884781 0.366927 0.071000 0.024729
1 0.945312 0.365885 0.052500 0.027312
1 0.970336 0.364344 0.034547 0.024854
1 0.313484 0.365990 0.031656 0.031813
2 0.850883 0.203687 0.013672 0.054708
2 0.774617 0.210979 0.013266 0.046917
2 0.887359 0.065167 0.028656 0.094375
2 0.804813 0.027563 0.038875 0.050875
2 0.187828 0.197135 0.020719 0.064021
1 0.163258 0.366073 0.032797 0.031396
2 0.268195 0.199156 0.014828 0.049229
2 0.520992 0.314490 0.018453 0.025687
1 0.278844 0.360354 0.023062 0.012792
