1 0.882746 0.381117 0.117371 0.046391
1 0.780951 0.355258 0.085376 0.027859
2 0.086033 0.172922 0.072394 0.106000
1 0.893721 0.359594 0.090211 0.030187
1 0.701338 0.340148 0.050376 0.030484
0 0.529073 0.606766 0.054390 0.124313
0 0.417066 0.351406 0.014648 0.034250
0 0.878169 0.615781 0.080188 0.114781
0 0.640669 0.580844 0.064202 0.090500
0 0.583005 0.536523 0.052535 0.103828
0 0.429566 0.489320 0.049883 0.047266
0 0.694049 0.378672 0.022136 0.047563
0 0.419953 0.604891 0.077512 0.133688
0 0.656103 0.752430 0.089577 0.135328
0 0.239425 0.681383 0.074812 0.132453
0 0.382969 0.408672 0.037160 0.035906
1 0.494660 0.300492 0.026455 0.014703
1 0.816291 0.346078 0.077840 0.031000
0 0.745000 0.543320 0.060282 0.106359
1 0.988146 0.413969 0.023709 0.033813
1 0.875293 0.340242 0.059883 0.017578
1 0.071315 0.433836 0.140094 0.093234
0 0.776115 0.643492 0.075469 0.116734
1 0.565000 0.330062 0.042535 0.027656
2 0.245117 0.322055 0.020329 0.024328
0 0.374413 0.458594 0.659624 0.354687
