1 0.332150 0.946385 0.196980 0.107231
1 0.128540 0.941585 0.201560 0.076400
2 0.363000 0.684092 0.028120 0.086523
2 0.727490 0.687615 0.045420 0.089015
1 0.673820 0.882631 0.048000 0.040215
1 0.252970 0.894600 0.073940 0.091415
1 0.389190 0.895123 0.048660 0.051354
1 0.438840 0.908738 0.014400 0.057908
1 0.466760 0.916015 0.057520 0.094431
1 0.766330 0.901277 0.060340 0.052523
2 0.327450 0.704508 0.042860 0.136585
0 0.376320 0.930538 0.018600 0.030185
0 0.976660 0.875015 0.018080 0.025477
1 0.904060 0.923646 0.142640 0.054185
1 0.664720 0.942477 0.130480 0.093200
1 0.554390 0.907569 0.061900 0.048123
1 0.785910 0.931169 0.074940 0.085169
1 0.039090 0.968785 0.078060 0.062431
1 0.707000 0.901538 0.582000 0.147692
