1 0.584135 0.787836 0.055771 0.029734
1 0.103677 0.837492 0.207354 0.325016
2 0.469885 0.715180 0.068479 0.026828
2 0.108823 0.727242 0.008979 0.023984
1 0.752729 0.792828 0.029167 0.027062
2 0.584656 0.746234 0.010729 0.021125
1 0.084937 0.757203 0.035875 0.013187
1 0.405948 0.779734 0.079187 0.026188
2 0.600979 0.749273 0.011500 0.015672
2 0.145927 0.687148 0.007604 0.014297
1 0.981802 0.807156 0.036396 0.050219
2 0.210969 0.743141 0.011146 0.007875
2 0.498708 0.696820 0.018125 0.022203
2 0.495708 0.717273 0.009417 0.016641
2 0.849938 0.714117 0.008333 0.015141
2 0.434188 0.699977 0.012167 0.030672
1 0.655396 0.789937 0.019708 0.025062
1 0.553833 0.782359 0.037792 0.030500
2 0.529167 0.725000 0.829167 0.071875
