0 0.125781 0.752809 0.245531 0.471911
0 0.701945 0.512354 0.069297 0.188765
0 0.340305 0.586422 0.070484 0.292145
0 0.737945 0.743508 0.153297 0.488788
0 0.931562 0.707867 0.136875 0.561795
0 0.632945 0.719965 0.114297 0.560070
0 0.772719 0.416002 0.060656 0.213916
0 0.667250 0.361632 0.034719 0.124709
0 0.885156 0.328555 0.023312 0.064009
0 0.375625 0.776946 0.125156 0.441445
0 0.256219 0.781422 0.109031 0.434779
1 0.157437 0.299499 0.084094 0.092657
1 0.120180 0.204207 0.051484 0.069860
1 0.298250 0.349056 0.096406 0.159557
1 0.139031 0.255000 0.073813 0.109441
1 0.339680 0.283147 0.085859 0.058415
1 0.596273 0.071154 0.109141 0.064499
1 0.750516 0.067261 0.124313 0.054942
0 0.138344 0.342436 0.035906 0.126503
1 0.146203 0.166585 0.052094 0.048928
1 0.141688 0.137832 0.061750 0.056876
1 0.131000 0.092552 0.060781 0.085478
1 0.139031 0.023462 0.043031 0.037040
0 0.300758 0.582716 0.058672 0.250093
1 0.215617 0.026527 0.093703 0.053054
1 0.160766 0.225000 0.062969 0.073077
0 0.499219 0.469697 0.998437 0.939394
1 0.292969 0.209790 0.160938 0.200466
