1 0.524813 0.604906 0.099219 0.142521
1 0.903648 0.753927 0.192703 0.447188
0 0.649500 0.666500 0.121250 0.312417
0 0.819891 0.653615 0.088219 0.278729
0 0.585570 0.598271 0.041641 0.127625
0 0.541961 0.598302 0.046609 0.116979
0 0.232609 0.709750 0.098000 0.338958
0 0.088578 0.576187 0.021563 0.028750
1 0.029937 0.606479 0.059625 0.070500
1 0.114844 0.565010 0.081375 0.044146
0 0.056648 0.605208 0.048297 0.097208
1 0.582922 0.552063 0.060094 0.043458
0 0.460578 0.683635 0.044094 0.155479
1 0.767961 0.557844 0.047453 0.017646
