1 0.716520 0.474747 0.155640 0.167840
1 0.842730 0.523520 0.126860 0.225547
0 0.896810 0.634600 0.203020 0.693520
0 0.224150 0.496640 0.444940 0.984267
0 0.564410 0.580093 0.119540 0.442373
0 0.635930 0.561053 0.102220 0.352720
0 0.411370 0.459267 0.023700 0.101253
0 0.501240 0.501960 0.050240 0.245573
0 0.384770 0.441947 0.036300 0.141973
0 0.433100 0.468907 0.037360 0.149867
0 0.345880 0.454773 0.022240 0.112640
0 0.328010 0.444200 0.026820 0.156293
0 0.356980 0.414733 0.023280 0.086533
1 0.468140 0.406000 0.056960 0.038720
0 0.424810 0.402707 0.014860 0.036347
