1 0.152460 0.930648 0.104760 0.073163
1 0.065290 0.950151 0.128540 0.098735
1 0.297640 0.924578 0.129680 0.059398
1 0.795840 0.900256 0.047840 0.045572
1 0.739370 0.892892 0.048900 0.047711
1 0.583760 0.908509 0.063160 0.051536
1 0.830320 0.884292 0.033080 0.035271
0 0.924960 0.926370 0.077280 0.147259
0 0.979290 0.954910 0.037780 0.088614
0 0.975870 0.917108 0.041220 0.098976
0 0.988450 0.908148 0.023100 0.126536
0 0.395410 0.924473 0.054940 0.102801
2 0.518700 0.523825 0.032040 0.102349
0 0.956790 0.909548 0.022780 0.083193
0 0.639680 0.892018 0.062200 0.039578
0 0.405620 0.868931 0.018520 0.042139
0 0.249220 0.890798 0.016320 0.036657
0 0.158860 0.883855 0.012000 0.024578
0 0.214360 0.896099 0.009000 0.041777
1 0.374700 0.932334 0.143520 0.079669
1 0.887140 0.875512 0.045120 0.048253
1 0.534100 0.908931 0.060280 0.043283
2 0.928960 0.732982 0.030520 0.098313
1 0.460640 0.909157 0.066360 0.070843
