0 0.402611 0.615070 0.079133 0.137266
0 0.553185 0.601633 0.065574 0.063359
0 0.685960 0.608672 0.069859 0.092781
0 0.829637 0.608914 0.080258 0.083109
0 0.910117 0.604336 0.055363 0.044578
0 0.954321 0.730039 0.078946 0.222922
0 0.116920 0.708883 0.115621 0.179547
0 0.881815 0.738438 0.105410 0.241188
2 0.784778 0.420047 0.042108 0.065438
2 0.966768 0.440695 0.033630 0.061234
2 0.075738 0.485586 0.047166 0.063766
2 0.183431 0.489719 0.041335 0.060500
0 0.154684 0.616047 0.032272 0.029437
0 0.205457 0.692133 0.067354 0.139328
0 0.199403 0.628914 0.070890 0.044828
2 0.522307 0.159938 0.079133 0.126719
