0 0.718742 0.390234 0.103109 0.217906
1 0.275711 0.251367 0.095047 0.032078
1 0.701906 0.209422 0.039563 0.016063
1 0.686555 0.229312 0.040297 0.027781
1 0.275945 0.674531 0.547172 0.629719
1 0.464320 0.439305 0.312453 0.298828
1 0.610594 0.358828 0.096469 0.143531
1 0.517344 0.250148 0.066062 0.051547
1 0.098844 0.338203 0.196625 0.098656
1 0.573789 0.221953 0.039797 0.035437
1 0.609602 0.312773 0.139422 0.116984
1 0.669367 0.272453 0.068828 0.069750
1 0.591250 0.211500 0.043031 0.037687
1 0.370469 0.297055 0.120750 0.085828
1 0.507031 0.259375 0.982812 0.146875
