1 0.864969 0.812740 0.267563 0.310070
0 0.161727 0.814813 0.106797 0.268126
2 0.590023 0.216967 0.029703 0.109719
2 0.494625 0.464672 0.031281 0.116511
2 0.621594 0.238244 0.032313 0.117237
2 0.545664 0.238958 0.031484 0.066862
2 0.625867 0.376569 0.037109 0.138571
0 0.479719 0.699508 0.032281 0.140703
0 0.393117 0.673958 0.022359 0.038126
0 0.162977 0.683513 0.018547 0.047400
2 0.586547 0.341171 0.031656 0.113630
2 0.606195 0.466581 0.021828 0.061686
2 0.553695 0.335105 0.046672 0.139906
2 0.538195 0.097986 0.031828 0.120422
2 0.463250 0.484192 0.026375 0.123794
2 0.502969 0.128033 0.016219 0.028056
2 0.582242 0.499520 0.025984 0.082506
2 0.435687 0.290504 0.018250 0.034824
