1 0.838242 0.294651 0.073641 0.086786
1 0.765898 0.275679 0.099703 0.079182
0 0.953578 0.820250 0.074031 0.291557
0 0.904203 0.757176 0.081344 0.251677
0 0.901656 0.592016 0.054094 0.079721
0 0.839547 0.487535 0.026844 0.078503
0 0.118523 0.600988 0.037422 0.131717
0 0.847805 0.625888 0.053016 0.203473
0 0.826305 0.603483 0.046734 0.186208
0 0.953000 0.600030 0.039563 0.119261
0 0.039703 0.635918 0.047250 0.189880
0 0.167094 0.594152 0.026844 0.152655
0 0.225500 0.624691 0.044969 0.181916
1 0.843617 0.272465 0.073453 0.084691
0 0.324031 0.504721 0.028719 0.137745
0 0.716789 0.548393 0.052047 0.156028
0 0.540625 0.531936 0.821875 0.329341
