1 0.035687 0.798028 0.023094 0.028278
1 0.148102 0.776722 0.012922 0.019111
1 0.095031 0.788083 0.016344 0.021444
1 0.060883 0.798597 0.020734 0.029750
1 0.094984 0.788472 0.016375 0.021333
1 0.107352 0.782264 0.014016 0.022639
1 0.070578 0.793472 0.015000 0.029667
2 0.565906 0.727542 0.008969 0.024028
2 0.545594 0.721819 0.009156 0.033917
2 0.553344 0.728417 0.007719 0.025833
0 0.789406 0.236014 0.038469 0.132750
2 0.559273 0.730056 0.005203 0.020000
2 0.532500 0.719361 0.011469 0.029500
2 0.573766 0.750486 0.009500 0.048694
1 0.010727 0.800042 0.021141 0.028194
1 0.083445 0.779250 0.013047 0.016889
1 0.951758 0.771750 0.061672 0.033222
1 0.622250 0.784250 0.048250 0.036167
1 0.074789 0.771222 0.010984 0.012778
0 0.593602 0.781611 0.010484 0.043722
0 0.545508 0.807597 0.009203 0.064917
1 0.055406 0.785486 0.018000 0.021806
1 0.060156 0.769444 0.082812 0.044444
