2 0.332844 0.151686 0.030000 0.083138
2 0.390500 0.417014 0.020313 0.044754
2 0.490086 0.492881 0.007609 0.028431
2 0.163320 0.489192 0.010078 0.034356
0 0.255633 0.660679 0.220391 0.674145
0 0.388703 0.579379 0.009938 0.058431
1 0.861328 0.725843 0.277344 0.525831
1 0.803180 0.621628 0.202859 0.385129
1 0.701758 0.602916 0.043516 0.108689
1 0.616789 0.594590 0.066297 0.061311
1 0.423031 0.576148 0.083469 0.047705
2 0.156742 0.123560 0.020953 0.084450
1 0.037422 0.575059 0.073656 0.045199
1 0.549836 0.589719 0.073766 0.054379
1 0.604133 0.574005 0.051609 0.035597
1 0.666664 0.600246 0.040828 0.079696
1 0.066625 0.572576 0.057719 0.045621
1 0.684609 0.604941 0.035219 0.087822
