0 0.885586 0.449251 0.169797 0.461920
0 0.851633 0.272670 0.032797 0.065714
0 0.866437 0.284965 0.054813 0.115410
0 0.771242 0.353466 0.037047 0.207588
0 0.527367 0.308653 0.031359 0.161991
0 0.828180 0.268852 0.024797 0.072225
0 0.712883 0.279871 0.020172 0.064005
0 0.942328 0.660468 0.115344 0.235644
0 0.334344 0.326967 0.053969 0.168548
0 0.592617 0.283021 0.044516 0.119204
0 0.121016 0.298290 0.037125 0.145574
0 0.489633 0.330281 0.040641 0.190445
1 0.757523 0.348747 0.176359 0.134450
0 0.644187 0.287365 0.026219 0.094028
0 0.497656 0.336066 0.995313 0.250585
