2 0.783195 0.302576 0.024391 0.063600
2 0.284836 0.319635 0.013109 0.036871
2 0.872469 0.508176 0.008781 0.028965
0 0.140078 0.636176 0.044219 0.174612
0 0.873523 0.667494 0.080828 0.287647
0 0.036664 0.639600 0.073328 0.180424
0 0.079133 0.634471 0.041453 0.166212
0 0.112797 0.614176 0.028875 0.091882
0 0.092742 0.609341 0.021453 0.097741
0 0.026180 0.644153 0.049359 0.186941
0 0.390594 0.438259 0.067562 0.119765
0 0.905102 0.620035 0.027047 0.123694
0 0.610000 0.428541 0.078312 0.126447
0 0.729055 0.461153 0.040984 0.091106
2 0.626148 0.313812 0.019984 0.011576
2 0.976688 0.244259 0.031250 0.117176
0 0.961180 0.650259 0.068328 0.304235
0 0.701867 0.432153 0.018672 0.048494
2 0.461352 0.306588 0.011703 0.041224
0 0.557813 0.440000 0.468750 0.155294
