1 0.285227 0.628294 0.066547 0.169216
0 0.504969 0.261157 0.084719 0.133137
0 0.389359 0.366333 0.128031 0.285647
0 0.240617 0.653294 0.046828 0.223255
0 0.071555 0.641971 0.049703 0.256451
0 0.684195 0.484912 0.040141 0.062882
0 0.771898 0.581833 0.095391 0.212412
0 0.199867 0.651794 0.044891 0.245980
0 0.161336 0.683657 0.065953 0.225941
0 0.331055 0.664059 0.032734 0.184863
0 0.616055 0.501912 0.048078 0.112137
0 0.242133 0.608578 0.045359 0.118882
0 0.150250 0.572039 0.045937 0.124235
0 0.014406 0.580373 0.018969 0.128706
1 0.074711 0.631039 0.141828 0.260784
0 0.509375 0.633333 0.978125 0.266667
