2 0.465945 0.069653 0.011234 0.047920
2 0.806039 0.047616 0.053047 0.091408
2 0.073898 0.053172 0.017484 0.051723
0 0.716914 0.558424 0.347453 0.685378
0 0.839031 0.198950 0.034406 0.123193
1 0.903719 0.213634 0.058937 0.061008
0 0.513500 0.228025 0.041969 0.134790
0 0.359414 0.203424 0.024953 0.090294
0 0.403578 0.199664 0.020688 0.108151
0 0.485281 0.145147 0.018625 0.032899
0 0.434109 0.291376 0.065812 0.160399
0 0.586641 0.207868 0.026750 0.132584
0 0.488414 0.206113 0.024828 0.121387
0 0.580078 0.157090 0.020156 0.036155
0 0.599609 0.185767 0.016469 0.098634
1 0.045555 0.163561 0.041859 0.054181
1 0.107555 0.149674 0.018078 0.034013
2 0.729711 0.054622 0.025234 0.071723
0 0.711320 0.218803 0.034484 0.121513
2 0.210547 0.054412 0.013125 0.052941
0 0.094664 0.218687 0.046359 0.111702
0 0.465625 0.196429 0.690625 0.228992
