0 0.475508 0.747238 0.320609 0.505524
0 0.361594 0.838555 0.228219 0.322890
0 0.642383 0.727483 0.185703 0.520280
0 0.854359 0.586725 0.255406 0.527809
0 0.264797 0.691562 0.166437 0.591422
0 0.613453 0.470804 0.072125 0.238671
2 0.510766 0.073089 0.015750 0.081515
2 0.472641 0.075082 0.022344 0.079301
0 0.377359 0.544674 0.129812 0.358998
0 0.088680 0.696795 0.177359 0.606410
0 0.565133 0.560886 0.099453 0.266807
0 0.750148 0.611235 0.123516 0.265175
0 0.959297 0.545385 0.081406 0.183357
2 0.644070 0.390396 0.022016 0.041772
0 0.453570 0.457692 0.042922 0.087552
0 0.188617 0.503916 0.069859 0.228765
