1 0.635617 0.715597 0.327141 0.169883
1 0.160094 0.730176 0.308812 0.193607
0 0.350281 0.720152 0.036094 0.205316
0 0.417695 0.660773 0.025891 0.144450
0 0.808437 0.707213 0.057094 0.213958
0 0.628320 0.706019 0.036547 0.238454
0 0.744828 0.641991 0.034094 0.093770
0 0.534617 0.705902 0.063953 0.243560
0 0.755477 0.635386 0.021234 0.103044
0 0.296617 0.667588 0.033453 0.112740
0 0.145039 0.693372 0.073609 0.179204
0 0.127938 0.614309 0.021125 0.038126
0 0.097562 0.614438 0.019250 0.042131
0 0.206313 0.616932 0.026562 0.073068
0 0.235273 0.642541 0.038609 0.098665
0 0.360938 0.646370 0.693750 0.206089
