1 0.743477 0.178870 0.029328 0.043238
1 0.392328 0.217566 0.134781 0.150692
1 0.547086 0.171446 0.057109 0.033523
0 0.477508 0.529328 0.262141 0.933931
0 0.637602 0.530407 0.138234 0.779267
0 0.275844 0.502251 0.165500 0.779776
0 0.758563 0.303371 0.072406 0.260672
0 0.890648 0.296079 0.074609 0.250081
0 0.684883 0.273401 0.059734 0.139959
0 0.662375 0.202118 0.024188 0.067617
1 0.558812 0.208839 0.037375 0.039959
0 0.694820 0.226202 0.038047 0.127923
0 0.437641 0.171344 0.046531 0.047128
0 0.336398 0.198849 0.025078 0.085479
0 0.150727 0.250713 0.049703 0.184155
0 0.096508 0.239399 0.042047 0.163360
1 0.965664 0.271762 0.067578 0.054277
0 0.042633 0.250316 0.048797 0.158513
0 0.469531 0.240326 0.939063 0.232179
