1 0.209063 0.136395 0.088188 0.050279
0 0.336188 0.146360 0.038531 0.058116
0 0.666586 0.611395 0.285359 0.750558
0 0.183445 0.610105 0.255172 0.725837
0 0.404633 0.606744 0.214391 0.777535
0 0.087109 0.238256 0.047344 0.244884
0 0.148828 0.239198 0.043656 0.241837
0 0.411656 0.152326 0.016156 0.036465
0 0.468203 0.163640 0.041750 0.086442
0 0.227875 0.201605 0.048125 0.165488
0 0.606703 0.160116 0.025688 0.048279
0 0.633844 0.158279 0.016844 0.050140
0 0.436961 0.159802 0.032703 0.051558
1 0.391016 0.238453 0.307688 0.232860
