1 0.312875 0.775948 0.048313 0.049229
1 0.397703 0.765708 0.025906 0.028375
1 0.331648 0.763292 0.035953 0.033292
0 0.726570 0.822427 0.054453 0.097021
0 0.682539 0.782510 0.030609 0.038854
0 0.648891 0.785156 0.025406 0.044896
0 0.356187 0.787073 0.037781 0.056688
1 0.348961 0.759198 0.026328 0.038354
0 0.282125 0.779823 0.020344 0.060896
1 0.670734 0.784323 0.078031 0.069146
1 0.093648 0.810542 0.049859 0.045042
1 0.370047 0.763500 0.019062 0.039458
0 0.417773 0.754365 0.015234 0.029937
0 0.267000 0.810198 0.037281 0.095479
0 0.072898 0.889365 0.118078 0.202979
