1 0.297860 0.789542 0.072400 0.088388
1 0.751090 0.822344 0.091060 0.126960
1 0.195100 0.801447 0.085440 0.080623
1 0.039740 0.801337 0.077520 0.088388
1 0.711780 0.741429 0.029160 0.038095
1 0.597220 0.743407 0.028080 0.032234
2 0.810120 0.483443 0.013600 0.069744
2 0.950140 0.668864 0.018720 0.055971
2 0.291130 0.481758 0.017340 0.072821
0 0.883810 0.819432 0.060940 0.266996
0 0.629810 0.797711 0.019860 0.086337
0 0.465540 0.795055 0.029960 0.137436
0 0.606800 0.789304 0.018080 0.111355
0 0.986390 0.764432 0.012140 0.038755
1 0.516800 0.774560 0.043760 0.060256
1 0.557610 0.765476 0.014060 0.043040
1 0.632710 0.764707 0.029380 0.057326
2 0.551610 0.661630 0.041580 0.049267
2 0.163650 0.664615 0.017980 0.043883
2 0.937070 0.675330 0.010460 0.040476
1 0.923550 0.795806 0.042980 0.070879
