1 0.418336 0.741150 0.060047 0.083662
1 0.274336 0.817512 0.099047 0.100986
1 0.617508 0.590458 0.028328 0.030540
1 0.596656 0.581362 0.019187 0.026948
1 0.576266 0.584812 0.023469 0.051315
0 0.820031 0.688920 0.014719 0.052535
0 0.790078 0.684812 0.009187 0.054883
0 0.773234 0.677418 0.010625 0.044930
0 0.811703 0.652312 0.009719 0.042277
0 0.824016 0.654448 0.010156 0.038521
0 0.326531 0.664789 0.013312 0.050657
0 0.710734 0.596373 0.009250 0.035798
0 0.805195 0.671796 0.013297 0.051854
2 0.792469 0.556526 0.021531 0.020845
0 0.359086 0.683603 0.018703 0.051103
0 0.428164 0.585822 0.008734 0.033897
0 0.509758 0.597664 0.010453 0.029695
0 0.860195 0.649178 0.010359 0.044460
2 0.786719 0.539378 0.036000 0.021056
2 0.814797 0.559918 0.011281 0.019366
1 0.180359 0.938016 0.163375 0.123967
1 0.594117 0.540669 0.016641 0.015704
0 0.839383 0.648721 0.008891 0.038005
2 0.557305 0.421092 0.028578 0.099601
2 0.385648 0.555915 0.008734 0.015681
2 0.439742 0.514777 0.010266 0.015235
2 0.222742 0.524742 0.008734 0.006854
2 0.510047 0.484014 0.007750 0.011925
2 0.544203 0.507418 0.007906 0.012817
2 0.572469 0.504401 0.006469 0.008333
0 0.525781 0.811033 0.889062 0.293427
