1 0.283781 0.423082 0.086375 0.066118
1 0.391844 0.427988 0.067781 0.059035
1 0.920734 0.441576 0.110438 0.128094
1 0.965016 0.413694 0.048313 0.054729
0 0.454867 0.603141 0.489859 0.264588
0 0.441430 0.482235 0.061484 0.110118
0 0.490953 0.482071 0.046062 0.121176
0 0.341969 0.433294 0.054594 0.122918
0 0.267500 0.463859 0.055781 0.087247
0 0.179313 0.466565 0.065031 0.154965
0 0.724109 0.374035 0.044406 0.137765
0 0.113266 0.466529 0.041625 0.153106
0 0.649141 0.483153 0.077594 0.116847
0 0.400117 0.478694 0.058203 0.126235
0 0.621617 0.445047 0.061703 0.142612
1 0.584187 0.446235 0.080094 0.088329
1 0.396852 0.391835 0.038422 0.016847
1 0.037578 0.417694 0.030406 0.053647
1 0.581063 0.387247 0.083406 0.039576
1 0.239430 0.393482 0.070672 0.024941
0 0.840852 0.380847 0.050172 0.169694
1 0.155320 0.411047 0.024766 0.026094
0 0.449578 0.386247 0.051594 0.175647
0 0.499219 0.418824 0.998437 0.263529
