2 0.525609 0.303362 0.014250 0.031878
2 0.847922 0.326583 0.020125 0.030284
2 0.796391 0.371037 0.010531 0.017533
0 0.722961 0.552500 0.055516 0.246616
0 0.508453 0.571572 0.047219 0.225721
0 0.836234 0.748308 0.164031 0.494389
0 0.023484 0.632893 0.046969 0.258406
0 0.767461 0.532205 0.035172 0.188865
0 0.694609 0.522795 0.041469 0.215066
0 0.658953 0.505491 0.039719 0.173603
0 0.021594 0.496507 0.043188 0.098734
0 0.433039 0.522609 0.049047 0.214520
0 0.332039 0.585120 0.074453 0.270677
0 0.176359 0.696212 0.106563 0.462642
0 0.156219 0.582194 0.063687 0.312729
2 0.514969 0.304607 0.008469 0.030087
0 0.235258 0.548395 0.056359 0.207271
0 0.510938 0.540393 0.975000 0.504367
