1 0.055783 0.532359 0.032067 0.027000
1 0.030710 0.535203 0.061420 0.046312
1 0.108319 0.531633 0.068330 0.030453
1 0.351618 0.524937 0.012088 0.005344
1 0.238111 0.522203 0.052923 0.016000
1 0.189582 0.523367 0.041879 0.019203
0 0.154687 0.556273 0.026785 0.065297
0 0.116106 0.553773 0.034551 0.062297
0 0.210146 0.542422 0.019708 0.045687
0 0.181816 0.540070 0.012985 0.023766
0 0.225585 0.549484 0.016347 0.050219
0 0.185167 0.523180 0.010919 0.012953
0 0.256169 0.559906 0.032839 0.073500
0 0.443998 0.529547 0.006075 0.025656
