0 0.340020 0.549438 0.234406 0.330344
0 0.123410 0.689023 0.110765 0.375234
0 0.944195 0.815727 0.111610 0.337078
0 0.834879 0.657367 0.097525 0.254578
0 0.749819 0.525617 0.034728 0.039328
0 0.572807 0.556305 0.159497 0.227484
0 0.936751 0.588641 0.066821 0.077844
0 0.707958 0.521703 0.064125 0.075750
0 0.763149 0.529148 0.024608 0.020828
0 0.903320 0.714609 0.193360 0.370781
1 0.450694 0.583875 0.084205 0.061844
0 0.895885 0.606125 0.062716 0.102688
0 0.680775 0.561461 0.129034 0.173453
0 0.162565 0.568547 0.006660 0.013344
