1 0.826227 0.763998 0.347547 0.230604
1 0.251273 0.638514 0.072047 0.087947
1 0.315078 0.633539 0.085687 0.071957
0 0.207195 0.757899 0.089328 0.330676
0 0.324727 0.818527 0.075484 0.238551
0 0.701203 0.646630 0.036906 0.135821
0 0.668344 0.627886 0.037875 0.122440
0 0.149914 0.844457 0.049891 0.174082
1 0.528922 0.635471 0.150438 0.064469
1 0.386320 0.664360 0.271953 0.109300
1 0.100812 0.699722 0.201625 0.213164
1 0.453883 0.797162 0.462266 0.308961
1 0.859734 0.837041 0.280531 0.325918
1 0.045258 0.616063 0.032797 0.040000
1 0.039180 0.603068 0.046016 0.039372
0 0.712594 0.627983 0.020313 0.112923
1 0.812133 0.673273 0.361172 0.109300
