0 0.891597 0.625740 0.026716 0.020840
0 0.832119 0.603900 0.013493 0.029320
0 0.813134 0.627730 0.019761 0.016060
1 0.677373 0.510770 0.017254 0.011580
1 0.690776 0.485600 0.035224 0.011720
1 0.699313 0.531840 0.017075 0.016000
0 0.846328 0.625240 0.026209 0.020880
0 0.915507 0.625660 0.011433 0.013440
1 0.666955 0.553270 0.021970 0.012700
1 0.678881 0.522430 0.015672 0.014900
1 0.695104 0.467830 0.030209 0.007660
0 0.926940 0.628270 0.011373 0.008540
1 0.728388 0.508390 0.018448 0.012700
1 0.723776 0.581370 0.062179 0.009500
1 0.642090 0.598600 0.038448 0.018920
1 0.671582 0.540690 0.023940 0.012260
