1 0.132844 0.365984 0.232844 0.136464
1 0.025656 0.317131 0.050594 0.076979
1 0.201906 0.319859 0.094719 0.070679
0 0.579477 0.579087 0.241391 0.813489
0 0.299859 0.558583 0.203906 0.860679
0 0.758438 0.578478 0.185500 0.807166
1 0.450117 0.335948 0.034078 0.051663
1 0.139234 0.292307 0.011500 0.015761
1 0.907055 0.316124 0.073203 0.021288
0 0.443969 0.439438 0.063125 0.149883
0 0.750859 0.601581 0.148375 0.263911
0 0.361328 0.594391 0.206906 0.757307
0 0.450164 0.278056 0.220797 0.332600
1 0.888656 0.339005 0.107469 0.050375
1 0.424914 0.354145 0.020078 0.017049
