0 0.453516 0.552541 0.204188 0.466071
0 0.636578 0.445071 0.041063 0.054706
0 0.748523 0.559906 0.056578 0.268047
0 0.713789 0.406094 0.043172 0.126494
0 0.358703 0.420306 0.034625 0.095200
0 0.128336 0.428706 0.061516 0.122824
0 0.086008 0.538871 0.045266 0.187576
0 0.568656 0.415235 0.050031 0.146800
0 0.805203 0.567082 0.055813 0.294165
0 0.393234 0.409506 0.054594 0.151482
1 0.557180 0.425129 0.146234 0.086871
1 0.267883 0.406565 0.072859 0.053553
0 0.942133 0.370882 0.032516 0.057576
1 0.269781 0.459729 0.067000 0.068306
0 0.194398 0.483365 0.050047 0.207812
0 0.216031 0.452565 0.023125 0.149082
