1 0.983305 0.285312 0.033391 0.042375
1 0.958187 0.285125 0.038687 0.041583
1 0.897547 0.270292 0.092375 0.062250
1 0.771531 0.268208 0.054469 0.063625
1 0.689797 0.260583 0.122313 0.076542
0 0.514961 0.508490 0.132047 0.406104
0 0.336016 0.528198 0.121656 0.400104
0 0.764242 0.457312 0.077453 0.259417
0 0.429445 0.453083 0.066828 0.247583
0 0.254516 0.359885 0.052906 0.181271
0 0.583430 0.360656 0.037547 0.056479
0 0.815531 0.389292 0.062281 0.253542
0 0.396641 0.358250 0.023438 0.063250
0 0.578828 0.419865 0.037906 0.064562
0 0.043484 0.398375 0.037625 0.110875
0 0.115703 0.358510 0.032500 0.062896
1 0.840008 0.271677 0.111984 0.059896
1 0.294016 0.257979 0.036344 0.030750
1 0.485383 0.247698 0.063797 0.029313
0 0.942891 0.367938 0.049625 0.171708
0 0.017852 0.387802 0.035703 0.096229
0 0.396094 0.465625 0.773438 0.397917
