1 0.434797 0.576838 0.773625 0.588759
1 0.910984 0.439192 0.178031 0.277026
1 0.636555 0.381733 0.064141 0.051850
2 0.116445 0.168677 0.016672 0.047190
2 0.386344 0.229297 0.008188 0.031850
2 0.129102 0.170714 0.008734 0.038806
2 0.100680 0.168138 0.015859 0.045504
2 0.718570 0.305925 0.028109 0.040562
0 0.169406 0.640035 0.162688 0.671124
0 0.370992 0.620972 0.128641 0.596417
0 0.266305 0.643899 0.109891 0.592951
2 0.394555 0.230913 0.008953 0.032881
0 0.992117 0.795679 0.015766 0.072342
2 0.006828 0.310269 0.011219 0.013326
