1 0.649078 0.640878 0.073281 0.127939
1 0.066070 0.567951 0.130516 0.167799
1 0.280258 0.516241 0.109203 0.112998
1 0.894523 0.486347 0.160484 0.076440
1 0.446672 0.509555 0.037562 0.058454
0 0.575742 0.586194 0.086922 0.413560
0 0.410820 0.592073 0.066578 0.315948
0 0.213109 0.604063 0.058188 0.309204
0 0.155875 0.594778 0.067750 0.306417
1 0.855656 0.718197 0.205063 0.104824
1 0.256047 0.461651 0.077344 0.052389
1 0.442922 0.479977 0.033313 0.025199
1 0.137750 0.471464 0.100719 0.043302
0 0.727539 0.622588 0.075984 0.346253
1 0.078570 0.482635 0.096047 0.032061
1 0.314523 0.487061 0.047422 0.079461
0 0.368453 0.584415 0.064406 0.338806
1 0.027625 0.480082 0.055250 0.070656
