1 0.471289 0.882875 0.023953 0.032417
1 0.546281 0.933490 0.144437 0.130729
2 0.447617 0.590417 0.036516 0.037417
2 0.561273 0.681219 0.031641 0.053354
2 0.581453 0.665146 0.030656 0.045125
2 0.677328 0.662094 0.015656 0.051521
2 0.691672 0.659167 0.011375 0.045500
2 0.708469 0.689167 0.028875 0.013417
2 0.948836 0.617469 0.034641 0.130104
2 0.436523 0.614615 0.064047 0.083146
2 0.330344 0.724583 0.014844 0.043208
2 0.966758 0.766302 0.019328 0.035979
2 0.398984 0.706375 0.009312 0.032792
2 0.410258 0.708198 0.008828 0.034396
2 0.419617 0.704521 0.012172 0.038958
