1 0.217102 0.670782 0.408453 0.276412
1 0.094641 0.574466 0.126125 0.082824
1 0.445680 0.613406 0.163016 0.165821
1 0.537937 0.584647 0.103531 0.125172
1 0.614250 0.525353 0.028906 0.019294
1 0.590195 0.522672 0.021297 0.019122
1 0.678336 0.525153 0.024703 0.018817
1 0.654367 0.525124 0.032922 0.021202
1 0.032086 0.585363 0.029047 0.079389
0 0.359859 0.500153 0.012625 0.023588
0 0.341836 0.500945 0.019516 0.028531
0 0.389477 0.500945 0.011672 0.024905
0 0.406953 0.508302 0.017500 0.029008
1 0.739633 0.531584 0.069078 0.037710
1 0.787109 0.533435 0.032406 0.054885
0 0.352508 0.500286 0.008672 0.021870
0 0.396188 0.502739 0.015094 0.027424
0 0.412352 0.501202 0.009953 0.023015
1 0.633445 0.524819 0.022078 0.022500
