2 0.949070 0.180635 0.032453 0.111479
0 0.292227 0.911365 0.056797 0.173229
0 0.343734 0.944094 0.063562 0.111813
0 0.497203 0.902333 0.073156 0.179875
0 0.596133 0.901573 0.045391 0.174896
0 0.646336 0.910156 0.041703 0.179688
0 0.840992 0.475854 0.045734 0.159250
0 0.430250 0.944906 0.047250 0.110188
0 0.690195 0.515948 0.049734 0.164896
0 0.897195 0.485687 0.037672 0.139833
0 0.101898 0.410562 0.057453 0.140542
0 0.018570 0.305427 0.033609 0.150938
0 0.514172 0.950771 0.050062 0.098458
0 0.371836 0.900677 0.050516 0.190437
0 0.333594 0.890625 0.060937 0.097917
