1 0.466133 0.475802 0.090328 0.215063
1 0.793602 0.386271 0.206891 0.133250
1 0.301227 0.377365 0.123641 0.080979
1 0.480453 0.404687 0.059937 0.053667
0 0.073320 0.287646 0.139891 0.301125
0 0.609125 0.653260 0.494875 0.693479
0 0.785687 0.495729 0.150656 0.303792
0 0.920937 0.505604 0.158125 0.398083
0 0.481305 0.346990 0.053391 0.069521
0 0.439766 0.345812 0.036687 0.066708
0 0.746633 0.565177 0.161797 0.447188
0 0.521492 0.347646 0.026766 0.059333
0 0.183461 0.347208 0.055422 0.116083
0 0.252148 0.325479 0.015578 0.018833
1 0.250125 0.362094 0.222719 0.062062
