1 0.355281 0.581443 0.152375 0.103903
1 0.561344 0.654792 0.182031 0.232356
1 0.305336 0.568788 0.098891 0.111386
1 0.755047 0.716132 0.489906 0.311062
1 0.930672 0.577286 0.138656 0.101640
1 0.957570 0.538349 0.084703 0.069446
1 0.910430 0.514111 0.077734 0.035381
1 0.377969 0.618926 0.127719 0.157206
0 0.243859 0.573614 0.045312 0.187367
0 0.199047 0.550162 0.036531 0.139261
1 0.970211 0.901640 0.059578 0.196721
1 0.601398 0.518880 0.085953 0.056744
1 0.168063 0.525554 0.032625 0.033695
1 0.405258 0.659700 0.025172 0.079307
