1 0.140937 0.635560 0.067125 0.067109
1 0.880398 0.660625 0.239203 0.295729
1 0.452562 0.625182 0.045781 0.067448
1 0.543094 0.633411 0.060156 0.105417
1 0.500094 0.631914 0.050469 0.088047
1 0.425891 0.618581 0.019781 0.050495
1 0.398039 0.628021 0.023234 0.025990
1 0.321828 0.620716 0.023625 0.033568
1 0.357500 0.622917 0.016438 0.028958
2 0.480937 0.107799 0.018438 0.092839
2 0.268477 0.260208 0.014547 0.072708
0 0.581078 0.746628 0.151344 0.457214
1 0.666422 0.649674 0.080906 0.116849
1 0.187516 0.622982 0.043281 0.061745
2 0.119859 0.340482 0.010969 0.065547
2 0.075477 0.493073 0.012734 0.042917
1 0.656867 0.605208 0.046547 0.049479
0 0.147016 0.613828 0.009562 0.010156
1 0.239219 0.624687 0.045188 0.059740
1 0.309375 0.618490 0.212500 0.054688
