0 0.886422 0.680063 0.034781 0.111000
0 0.223219 0.660344 0.041531 0.072104
0 0.136273 0.651479 0.042703 0.080750
0 0.523008 0.673396 0.028172 0.087500
0 0.203656 0.636354 0.014875 0.043625
0 0.425039 0.667844 0.036516 0.084812
0 0.467117 0.644771 0.022484 0.045917
0 0.488922 0.638667 0.021406 0.030542
0 0.600969 0.643740 0.023281 0.039438
0 0.671484 0.662083 0.028063 0.042667
0 0.291547 0.657271 0.012812 0.072208
1 0.915109 0.694594 0.064875 0.087688
1 0.023938 0.627792 0.047875 0.039167
0 0.731016 0.657031 0.031469 0.052188
0 0.583688 0.667635 0.045969 0.078062
0 0.582031 0.675000 0.573438 0.120833
