0 0.472703 0.413735 0.028781 0.137260
1 0.476117 0.402389 0.131328 0.080422
0 0.508414 0.440703 0.047484 0.206089
0 0.016594 0.390351 0.033187 0.187400
0 0.166930 0.435890 0.053703 0.291077
2 0.864867 0.112365 0.013922 0.053958
2 0.891469 0.112763 0.021000 0.062061
2 0.852961 0.151756 0.016234 0.049227
0 0.267773 0.518162 0.224391 0.686112
0 0.070109 0.396019 0.083594 0.186885
1 0.587562 0.406991 0.062656 0.089859
0 0.121133 0.394192 0.044109 0.159391
1 0.925273 0.385012 0.053609 0.110117
1 0.719836 0.410504 0.141047 0.087190
