1 0.133492 0.799625 0.217578 0.103833
0 0.699039 0.805427 0.042297 0.157021
0 0.367164 0.785646 0.035828 0.133250
0 0.133102 0.774083 0.056141 0.116167
0 0.334852 0.777865 0.006109 0.031688
0 0.796992 0.814000 0.038641 0.136667
0 0.273430 0.769781 0.019984 0.067313
2 0.270734 0.251448 0.037281 0.110979
2 0.315773 0.252333 0.034172 0.105958
2 0.185906 0.222010 0.030187 0.125396
2 0.215039 0.224458 0.030516 0.145875
2 0.184477 0.349302 0.019453 0.075188
2 0.619398 0.623760 0.050078 0.095937
2 0.642070 0.758625 0.011516 0.062083
0 0.299273 0.770292 0.019172 0.065458
0 0.287445 0.770177 0.012641 0.063687
0 0.165938 0.749510 0.013719 0.018896
