0 0.132016 0.564985 0.184219 0.631883
0 0.750578 0.361327 0.088969 0.288765
0 0.341117 0.633750 0.238828 0.532747
0 0.056219 0.466620 0.038406 0.222068
0 0.824242 0.375154 0.094766 0.245988
0 0.764906 0.180571 0.063875 0.130154
0 0.703422 0.192809 0.050125 0.137716
0 0.717281 0.106744 0.042094 0.213488
0 0.976859 0.373534 0.046281 0.277685
1 0.271938 0.224630 0.126219 0.071111
1 0.018289 0.274923 0.036578 0.052932
1 0.563141 0.231034 0.070781 0.028981
0 0.929453 0.371914 0.081906 0.276420
0 0.683766 0.529877 0.228813 0.592222
