1 0.940898 0.406218 0.118203 0.169391
1 0.546687 0.400656 0.107813 0.124543
1 0.536859 0.350363 0.123906 0.075199
1 0.158406 0.379848 0.144531 0.097400
1 0.031219 0.396756 0.061344 0.164801
1 0.074320 0.398138 0.077922 0.074028
0 0.616961 0.474157 0.088453 0.395527
0 0.800625 0.470785 0.083969 0.370796
0 0.724164 0.492564 0.103922 0.393232
0 0.280367 0.507869 0.164922 0.620234
0 0.432891 0.555047 0.147219 0.688689
0 0.885844 0.380878 0.028844 0.142881
0 0.857727 0.380386 0.024547 0.113888
0 0.840141 0.346827 0.021375 0.059180
1 0.846711 0.404895 0.022609 0.060656
1 0.667227 0.364262 0.046703 0.036066
1 0.047508 0.351733 0.082734 0.058314
1 0.694828 0.356089 0.040313 0.023700
1 0.358687 0.392892 0.059062 0.119602
1 0.665461 0.404883 0.039703 0.106721
1 0.347625 0.328817 0.045125 0.016651
1 0.279687 0.343091 0.484375 0.053864
