0 0.203508 0.467781 0.052578 0.137646
0 0.148648 0.458552 0.047578 0.140063
0 0.022289 0.473271 0.033516 0.158708
0 0.070758 0.469448 0.028453 0.152979
0 0.089711 0.482917 0.029797 0.140292
0 0.302211 0.439042 0.021703 0.087083
0 0.934984 0.459448 0.051281 0.172729
0 0.231422 0.460885 0.036406 0.141354
2 0.393984 0.180677 0.017656 0.011271
2 0.095531 0.330885 0.024250 0.086021
2 0.276273 0.357042 0.016984 0.032125
0 0.054414 0.424365 0.019641 0.055396
0 0.046234 0.475323 0.025969 0.142229
0 0.285742 0.440323 0.020016 0.082646
0 0.335570 0.437969 0.018828 0.077771
0 0.169172 0.450073 0.013531 0.097438
2 0.142687 0.357865 0.014625 0.043479
0 0.962500 0.588542 0.071875 0.460417
