0 0.948354 0.793711 0.081708 0.191047
0 0.120604 0.724852 0.025708 0.063766
0 0.147094 0.723398 0.035188 0.069484
1 0.272167 0.709281 0.064583 0.021625
1 0.349625 0.712508 0.046375 0.026609
1 0.227927 0.703711 0.037437 0.019953
1 0.555552 0.715297 0.054938 0.028344
0 0.032531 0.698391 0.015146 0.026219
0 0.080042 0.704555 0.013875 0.031766
1 0.977802 0.746828 0.044396 0.055437
2 0.573260 0.141250 0.108896 0.044062
0 0.064698 0.704266 0.017062 0.029094
1 0.950740 0.727437 0.098521 0.047125
1 0.429937 0.712375 0.046792 0.037906
2 0.430521 0.153227 0.083417 0.045391
