1 0.133211 0.548122 0.059203 0.077183
0 0.111133 0.642054 0.055141 0.239789
0 0.731023 0.615329 0.059984 0.154601
0 0.275820 0.578967 0.048547 0.133146
0 0.443102 0.644507 0.100734 0.217324
0 0.556133 0.610939 0.043891 0.155681
0 0.629742 0.602688 0.059234 0.148146
0 0.703586 0.567136 0.020328 0.065446
2 0.981586 0.329225 0.028016 0.096244
0 0.049766 0.587629 0.035656 0.163897
0 0.337570 0.556197 0.028641 0.083568
0 0.982406 0.585833 0.023781 0.078052
0 0.589891 0.554120 0.020563 0.060681
0 0.905258 0.625763 0.044672 0.159742
0 0.466398 0.547782 0.039641 0.064953
0 0.478125 0.685446 0.956250 0.450704
