0 0.484984 0.436479 0.040656 0.087625
0 0.413930 0.432417 0.053141 0.093000
0 0.655289 0.481823 0.036953 0.152604
0 0.766648 0.442219 0.018453 0.062729
0 0.742625 0.432490 0.018656 0.058771
0 0.132523 0.404938 0.026453 0.025250
0 0.171945 0.404990 0.021734 0.027854
0 0.696914 0.438198 0.032016 0.076396
0 0.306797 0.430479 0.026719 0.061750
0 0.445516 0.420490 0.015156 0.035312
0 0.375516 0.436667 0.025750 0.064167
1 0.100305 0.438990 0.116422 0.060604
0 0.273688 0.431427 0.019781 0.067771
0 0.518750 0.472917 0.681250 0.175000
