2 0.947867 0.149216 0.011203 0.042703
2 0.787391 0.185338 0.013813 0.040459
2 0.960867 0.162392 0.010609 0.043432
0 0.559328 0.646851 0.172406 0.679378
0 0.129266 0.632581 0.170187 0.707865
0 0.931492 0.446068 0.077953 0.384243
0 0.681734 0.443824 0.050281 0.341270
0 0.758703 0.429541 0.060406 0.300162
0 0.854406 0.469932 0.083969 0.368892
2 0.996148 0.207649 0.007703 0.017297
0 0.888500 0.395784 0.036500 0.226541
0 0.597414 0.378878 0.062484 0.214243
0 0.522594 0.332162 0.047344 0.130486
0 0.841727 0.296500 0.014484 0.062676
0 0.933109 0.249973 0.021156 0.034432
0 0.904211 0.293270 0.025672 0.093784
0 0.730469 0.331149 0.042531 0.138297
