2 0.571992 0.250601 0.013359 0.073561
2 0.302937 0.224434 0.014813 0.050472
0 0.551258 0.730932 0.047203 0.204976
0 0.485672 0.718314 0.051281 0.190165
0 0.431742 0.721356 0.047641 0.202241
0 0.561695 0.498998 0.027922 0.106863
0 0.544672 0.460896 0.023969 0.094953
0 0.589008 0.405425 0.018578 0.062877
0 0.615500 0.426439 0.018469 0.083066
0 0.588789 0.495519 0.027422 0.113255
0 0.745875 0.350012 0.009406 0.051627
2 0.443133 0.086167 0.009703 0.040307
2 0.578469 0.243927 0.010562 0.071061
0 0.577563 0.446073 0.019469 0.066203
0 0.731852 0.353597 0.012078 0.046769
0 0.680945 0.749245 0.069734 0.199340
1 0.016531 0.157807 0.033063 0.039434
0 0.752047 0.350708 0.006969 0.049717
1 0.131742 0.191840 0.038109 0.055566
1 0.170203 0.189941 0.058625 0.048656
1 0.346508 0.168349 0.029516 0.020896
0 0.731250 0.330189 0.018750 0.023585
