1 0.584414 0.432734 0.081266 0.061156
1 0.059523 0.437930 0.118922 0.087922
1 0.492406 0.434836 0.092812 0.048953
0 0.656641 0.457008 0.061469 0.175266
0 0.260672 0.629211 0.202250 0.534828
0 0.777906 0.418531 0.059375 0.112281
2 0.557180 0.188180 0.022234 0.051234
2 0.739594 0.281641 0.026062 0.033094
2 0.532305 0.196789 0.031984 0.078391
2 0.208977 0.311406 0.012453 0.026687
2 0.918742 0.312820 0.014484 0.027141
0 0.074422 0.402477 0.009281 0.016859
0 0.112750 0.401781 0.020969 0.014406
1 0.356750 0.424758 0.129000 0.104422
1 0.619461 0.409945 0.042703 0.028859
1 0.167078 0.443664 0.089875 0.072297
1 0.724055 0.426586 0.065703 0.055891
0 0.087305 0.406094 0.012422 0.011719
2 0.272953 0.280258 0.025531 0.042547
