1 0.829156 0.295738 0.040188 0.032787
0 0.176211 0.346101 0.085547 0.323443
0 0.136125 0.390515 0.099625 0.298642
0 0.446922 0.280597 0.100719 0.367705
0 0.716117 0.388501 0.048578 0.197096
0 0.850758 0.506019 0.057266 0.247822
0 0.754875 0.332717 0.023750 0.077096
0 0.843852 0.345656 0.067203 0.153466
0 0.674258 0.308056 0.045547 0.081733
0 0.551758 0.403080 0.035547 0.135574
0 0.302555 0.324754 0.061391 0.122998
0 0.216000 0.347073 0.022406 0.081030
0 0.905047 0.496639 0.068812 0.230937
0 0.504617 0.386651 0.034609 0.115925
0 0.248438 0.347775 0.043750 0.096019
