1 0.726266 0.246628 0.054750 0.147963
0 0.366203 0.297740 0.091406 0.318525
0 0.809742 0.341112 0.067047 0.184754
0 0.294922 0.517166 0.122562 0.481124
0 0.653773 0.210948 0.044484 0.170000
0 0.684023 0.292541 0.058578 0.255293
0 0.903820 0.354660 0.141984 0.171897
0 0.542469 0.270269 0.057094 0.281522
0 0.573727 0.170995 0.021984 0.059508
0 0.754648 0.335585 0.063547 0.189672
0 0.587938 0.296745 0.056906 0.279157
0 0.125953 0.245152 0.072219 0.191382
0 0.621375 0.270234 0.055219 0.278267
0 0.479438 0.360211 0.055813 0.263419
0 0.417969 0.277518 0.835938 0.278689
