1 0.953000 0.844415 0.091750 0.101991
1 0.951844 0.792178 0.084719 0.075129
1 0.915422 0.790878 0.095937 0.101663
1 0.926234 0.751850 0.083719 0.037190
1 0.435430 0.733115 0.032047 0.020187
0 0.323797 0.329169 0.076812 0.171405
0 0.234750 0.809567 0.269813 0.377026
0 0.607187 0.832717 0.090719 0.177049
0 0.689195 0.776874 0.031828 0.076511
0 0.315312 0.264368 0.015125 0.036792
0 0.141664 0.301230 0.060141 0.153560
0 0.784430 0.778138 0.037234 0.078431
0 0.716820 0.756206 0.028078 0.057518
0 0.173406 0.770714 0.037562 0.092810
0 0.823555 0.824930 0.054328 0.151920
0 0.617781 0.744274 0.007406 0.048126
0 0.764406 0.755960 0.022187 0.044005
1 0.865094 0.759918 0.062469 0.048126
1 0.974820 0.869707 0.048047 0.112295
1 0.400805 0.731112 0.037547 0.022974
1 0.968891 0.757213 0.054312 0.038220
0 0.347266 0.258607 0.023312 0.033466
0 0.257812 0.276347 0.096875 0.070258
