1 0.374102 0.260342 0.096328 0.094101
0 0.202656 0.324613 0.069781 0.226709
0 0.514578 0.494514 0.970844 0.989029
1 0.325453 0.253795 0.027531 0.071151
1 0.417625 0.243840 0.040656 0.044586
2 0.284789 0.186358 0.010422 0.024011
0 0.175844 0.243822 0.020719 0.071097
0 0.155734 0.234901 0.015031 0.060809
1 0.302234 0.255791 0.031781 0.058525
1 0.276406 0.237284 0.048219 0.047878
1 0.962305 0.376556 0.075391 0.320054
1 0.518781 0.242608 0.087469 0.040288
2 0.373805 0.198525 0.009547 0.013957
2 0.399750 0.201313 0.010281 0.010683
2 0.404086 0.191745 0.006141 0.019640
