1 0.546609 0.588698 0.184938 0.107979
1 0.270984 0.549281 0.073188 0.050646
1 0.189047 0.533531 0.073344 0.046021
1 0.130922 0.533792 0.046500 0.039500
1 0.086328 0.565938 0.081594 0.056167
1 0.098648 0.528948 0.040547 0.034479
0 0.449984 0.609990 0.076313 0.076229
0 0.407609 0.547583 0.017406 0.050417
0 0.442047 0.570438 0.038937 0.103292
0 0.362641 0.547167 0.027000 0.050542
0 0.321047 0.575656 0.030281 0.118854
0 0.357648 0.608875 0.043422 0.062167
0 0.160695 0.568177 0.024203 0.053562
0 0.198203 0.585083 0.035656 0.105458
0 0.478742 0.296406 0.014422 0.062687
0 0.395961 0.559937 0.018922 0.062500
1 0.343930 0.559333 0.028141 0.044292
