1 0.382352 0.671878 0.261203 0.128732
2 0.390570 0.351620 0.023234 0.045211
2 0.505312 0.370258 0.022750 0.063803
2 0.903695 0.567676 0.025203 0.031737
0 0.578875 0.705622 0.131625 0.561808
0 0.233148 0.663075 0.040516 0.101455
0 0.739922 0.687676 0.023906 0.125305
0 0.770648 0.676702 0.035922 0.131150
2 0.382930 0.558169 0.006859 0.020657
1 0.278164 0.649601 0.032203 0.030610
2 0.431555 0.577171 0.006953 0.015657
2 0.412180 0.572805 0.007078 0.017441
2 0.351742 0.555798 0.007422 0.017277
0 0.539789 0.635692 0.013953 0.038850
0 0.023969 0.663721 0.024656 0.096643
0 0.016648 0.654002 0.033297 0.118192
0 0.035250 0.630986 0.008531 0.026056
0 0.552695 0.638298 0.020047 0.041620
