1 0.827141 0.936218 0.345719 0.127564
1 0.977641 0.775504 0.044719 0.118033
1 0.510227 0.716569 0.063984 0.103349
0 0.070133 0.787763 0.048641 0.194965
0 0.031602 0.885773 0.047141 0.228454
0 0.901516 0.609789 0.015438 0.062342
0 0.913109 0.609895 0.014000 0.060960
0 0.886773 0.609286 0.009297 0.058056
0 0.849055 0.608724 0.019141 0.068361
0 0.834430 0.622342 0.011734 0.043419
0 0.828242 0.588279 0.009047 0.030234
0 0.875375 0.604813 0.014938 0.074309
0 0.832570 0.593314 0.011891 0.032810
1 0.749180 0.734637 0.014703 0.079297
2 0.807453 0.532248 0.009000 0.036815
2 0.796531 0.518267 0.009312 0.042810
2 0.884570 0.547705 0.007422 0.048759
2 0.454188 0.509496 0.012063 0.014824
2 0.615703 0.511932 0.006625 0.012061
1 0.912117 0.597365 0.044172 0.048876
